最多可种的树的棵树为： 7
共有 21 种种树方法
种法 1 :
0 0 1 0 
1 0 1 1 
1 1 0 1 

种法 2 :
0 0 1 0 
1 0 1 1 
1 1 0 1 

种法 3 :
0 0 1 1 
1 1 0 1 
0 1 1 0 

种法 4 :
0 1 0 0 
1 1 0 1 
1 0 1 1 

种法 5 :
0 1 0 1 
1 0 1 1 
1 0 1 0 

种法 6 :
0 1 0 1 
1 1 0 0 
1 0 1 1 

种法 7 :
0 1 0 1 
1 1 0 1 
1 0 1 0 

种法 8 :
0 1 1 0 
1 0 0 1 
1 0 1 1 

种法 9 :
0 1 1 0 
1 0 0 1 
1 1 0 1 

种法 10 :
0 1 1 0 
1 0 1 1 
1 1 0 0 

种法 11 :
0 1 1 0 
1 1 0 1 
0 0 1 1 

种法 12 :
1 0 1 0 
0 0 1 1 
1 1 0 1 

种法 13 :
1 0 1 0 
1 0 1 1 
0 1 0 1 

种法 14 :
1 0 1 0 
1 1 0 1 
0 1 0 1 

种法 15 :
1 0 1 1 
1 0 0 1 
0 1 1 0 

种法 16 :
1 0 1 1 
1 1 0 0 
0 1 0 1 

种法 17 :
1 0 1 1 
1 1 0 1 
0 1 0 0 

种法 18 :
1 1 0 0 
1 0 1 1 
0 1 1 0 

种法 19 :
1 1 0 1 
0 0 1 1 
1 0 1 0 

种法 20 :
1 1 0 1 
1 0 0 1 
0 1 1 0 

种法 21 :
1 1 0 1 
1 0 1 1 
0 0 1 0 

